name: base
channels:
  - conda-forge
  - defaults
dependencies:
  - astropy=5.1=py38h080aedc_0
  - blas=1.0=mkl
  - bottleneck=1.3.5=py38h080aedc_0
  - brotlipy=0.7.0=py38h91455d4_1005
  - bzip2=1.0.8=h8ffe710_4
  - ca-certificates=2022.10.11=haa95532_0
  - certifi=2022.9.24=py38haa95532_0
  - cffi=1.15.1=py38h57701bc_2
  - charset-normalizer=2.1.1=pyhd8ed1ab_0
  - colorama=0.4.6=pyhd8ed1ab_0
  - conda=22.9.0=py38haa95532_0
  - conda-package-handling=1.9.0=py38hbc1c497_1
  - cryptography=38.0.3=py38h086c683_0
  - fmt=9.1.0=h181d51b_0
  - idna=3.4=pyhd8ed1ab_0
  - intel-openmp=2021.4.0=haa95532_3556
  - krb5=1.19.3=h1176d77_0
  - libarchive=3.5.2=hb45042f_3
  - libcurl=7.86.0=heaf79c2_1
  - libiconv=1.17=h8ffe710_0
  - libmamba=1.0.0=hb1e518d_1
  - libmambapy=1.0.0=py38h03a9719_1
  - libsolv=0.7.22=h7755175_0
  - libssh2=1.10.0=h680486a_3
  - libxml2=2.10.3=hc3477c8_0
  - libzlib=1.2.13=hcfcfb64_4
  - lz4-c=1.9.3=h8ffe710_1
  - lzo=2.10=he774522_1000
  - mamba=1.0.0=py38hecfeebb_1
  - menuinst=1.4.19=py38haa244fe_1
  - mkl=2021.4.0=haa95532_640
  - mkl-service=2.4.0=py38h2bbff1b_0
  - mkl_fft=1.3.1=py38h277e83a_0
  - mkl_random=1.2.2=py38hf11a4ad_0
  - numexpr=2.8.3=py38hb80d3ca_0
  - numpy=1.23.3=py38h3b20f71_0
  - numpy-base=1.23.3=py38h4da318b_0
  - openssl=1.1.1s=hcfcfb64_0
  - packaging=21.3=pyhd3eb1b0_0
  - pandas=1.4.4=py38hd77b12b_0
  - pip=22.2.2=py38haa95532_0
  - pybind11-abi=4=hd8ed1ab_3
  - pycosat=0.6.4=py38h91455d4_1
  - pycparser=2.21=pyhd8ed1ab_0
  - pyerfa=2.0.0=py38h2bbff1b_0
  - pyopenssl=22.1.0=pyhd8ed1ab_0
  - pyparsing=3.0.9=py38haa95532_0
  - pysocks=1.7.1=py38haa244fe_5
  - python=3.8.13=h6244533_1
  - python-dateutil=2.8.2=pyhd3eb1b0_0
  - python_abi=3.8=2_cp38
  - pytz=2022.1=py38haa95532_0
  - pyyaml=6.0=py38h2bbff1b_1
  - reproc=14.2.3=h8ffe710_0
  - reproc-cpp=14.2.3=h0e60522_0
  - requests=2.28.1=pyhd8ed1ab_1
  - ruamel_yaml=0.15.80=py38h91455d4_1008
  - setuptools=65.5.0=py38haa95532_0
  - six=1.16.0=pyhd3eb1b0_1
  - sqlite=3.39.3=h2bbff1b_0
  - toolz=0.12.0=pyhd8ed1ab_0
  - tqdm=4.64.1=pyhd8ed1ab_0
  - ucrt=10.0.22621.0=h57928b3_0
  - urllib3=1.26.11=pyhd8ed1ab_0
  - vc=14.2=h21ff451_1
  - vs2015_runtime=14.32.31332=h1d6e394_9
  - wheel=0.37.1=pyhd3eb1b0_0
  - win_inet_pton=1.1.0=py38haa244fe_5
  - wincertstore=0.2=py38haa95532_2
  - xz=5.2.6=h8d14728_0
  - yaml=0.2.5=h8ffe710_2
  - yaml-cpp=0.7.0=h63175ca_2
  - zstd=1.5.2=h7755175_4
  - pip:
    - opencv-python==4.6.0.66
prefix: C:\Users\gt8mar\.conda\envs\capillary-flow
